Seq SetupAveTime       KeygenAveTime      EncAveTime         Dec1AVeTime        RekeygenAveTime    ReencAveTime       Dec2AveTime   
<<<<<<< HEAD
05  0.0794485569000244 0.0674452781677246 0.0538008689880371 0.0262044429779053 0.2018253326416016 0.0127111911773682 0.0013303279876709
10  0.1571486473083496 0.1327635765075684 0.0985401153564453 0.0474212169647217 0.3949804782867432 0.0236997127532959 0.0013182163238525
15  0.2315208435058594 0.1966074943542480 0.1446885108947754 0.0703299999237061 0.5870403766632080 0.0349398612976074 0.0013734340667725
20  0.3022978305816650 0.2600227355957031 0.1902247428894043 0.0927653312683105 0.7756442546844482 0.0463218212127686 0.0013427257537842
25  0.3805191993713379 0.3232559204101563 0.2340273857116699 0.1167093276977539 0.9597444057464599 0.0576869964599609 0.0013674736022949
=======
05  0.0499739170074463 0.0704268455505371 0.0673587322235107 0.0317991256713867 0.2250829696655273 0.0158230781555176 0.0018092632293701
10  0.0928936004638672 0.1404222488403320 0.1303482532501221 0.0603914260864258 0.4424473285675049 0.0303182601928711 0.0017818927764893
15  0.1353096961975098 0.1999765872955322 0.1950085639953613 0.0894051074981689 0.6606307029724121 0.0446032524108887 0.0017739295959473
20  0.1793581485748291 0.2686219692230224 0.2535717010498047 0.1177113056182861 0.8810926437377929 0.0590332984924316 0.0017550945281982
25  0.2258875846862793 0.3392354488372803 0.3160029411315918 0.1477249145507812 1.0959889888763428 0.0736801147460937 0.0018091201782227
>>>>>>> e6752868886b76c64693dcf759d338a25adcad7c
