Seq SetupAveTime       RegisterAveTime    EncAveTime         Dec1AveTime        AuthorizeAveTime   TransformAveTime   Dec2AveTime   
<<<<<<< HEAD
05  0.0123853206634521 0.0097463607788086 0.0080759048461914 0.0012104988098145 0.0154795646667480 0.0011161804199219 0.0022920608520508
10  0.0213348865509033 0.0157517910003662 0.0139837265014648 0.0013019561767578 0.0219886779785156 0.0011154174804687 0.0023840427398682
15  0.0302541255950928 0.0216919898986816 0.0199999809265137 0.0013816356658936 0.0282432079315186 0.0011145591735840 0.0024648189544678
20  0.0392240524291992 0.0277729988098145 0.0258835315704346 0.0014794349670410 0.0343178272247314 0.0011299610137939 0.0025397300720215
25  0.0482282161712646 0.0338263988494873 0.0319238185882568 0.0015649795532227 0.0408105850219727 0.0011144638061523 0.0026341915130615
=======
05  0.0140670776367187 0.0111556053161621 0.0092800140380859 0.0016680240631104 0.0177410602569580 0.0015173435211182 0.0029750823974609
10  0.0241118907928467 0.0178163528442383 0.0158483505249023 0.0017458915710449 0.0248878955841064 0.0015223026275635 0.0030831336975098
15  0.0341418266296387 0.0245869159698486 0.0241822719573975 0.0018748283386230 0.0318315982818604 0.0015135288238525 0.0031805038452148
20  0.0441476345062256 0.0312988281250000 0.0295176982879639 0.0019440650939941 0.0391042232513428 0.0015178203582764 0.0032866001129150
25  0.0544247150421143 0.0381723880767822 0.0363527774810791 0.0020775794982910 0.0463568210601807 0.0015170574188232 0.0033879756927490
>>>>>>> 1aa32909bc41a21be3b67dc1d49130d2492a690f
